image: cse014-small.pgm
resolution: 0.050000
origin: [-5.00632, -7.2679, 0.0]
negate: 0
occupied_thresh: 0.65
free_thresh: 0.196

