image: real-floor0-edited-c2g-full-loop.pgm
resolution: 0.020000
origin: [-37.480000, -24.040000, 0.000000]
negate: 0
occupied_thresh: 0.65
free_thresh: 0.196

