image: real-floor4_corridor.pgm
resolution: 0.020000
origin: [-62.440000, -45.160000, 0.000000]
negate: 0
occupied_thresh: 0.65
free_thresh: 0.196

